0.111944892444
-0.042826107703
-0.992791148834
0.497848651372
-0.260554766282
0.827198847197
-0.857586830854
0.500548738986
0.118303787895
0.017818647437
0.593056077138
0.804963964038
-0.410947711207
0.383912497200
-0.826881594956
-0.921896087937
-0.371954041533
-0.108433353715
-0.749534781091
0.006689881906
-0.661931157112
-0.907257763669
-0.176018254831
-0.381969792768
-0.131077783182
0.921302899718
0.366086849011
0.397952336818
0.084746616893
0.913483413868
0.142522958107
0.579972969368
-0.802071418613
0.871781036258
-0.441797970794
-0.211689339019
0.333889371715
0.610888379626
0.717867169529
0.423202393577
-0.886085597798
-0.189082115889
0.531849688850
-0.506170233712
-0.678916490637
0.518354340456
-0.518815610558
0.679808163084
0.881583253853
-0.462610239163
0.093822877854
-0.075738745742
-0.954108051956
0.289726538584
-0.687965055928
0.651933499612
0.318883665837
-0.472037461586
0.244812000543
0.846904787235
-0.542994119227
-0.088150071912
0.835096970201
0.804261522368
-0.075985295698
-0.589397690259
-0.061353203841
-0.632558465004
-0.772078733891
0.405794041231
0.671146048233
-0.620398401283
-0.729829886928
-0.301739742048
-0.613434155472
0.980442768894
0.097432874143
0.170993596315
-0.523656332865
-0.221894513816
-0.822524691001
0.465959439054
-0.875608648174
0.127245022915
0.281522436067
0.878640605137
-0.385662810877
-0.934329688549
0.312868428417
-0.170708458871
-0.370090511627
-0.816399328411
0.443311570212
-0.909493437968
0.025025550276
0.414964343421
-0.218371314928
-0.167614830658
-0.961363217793
0.377957197838
-0.777256167494
-0.503012131900
0.720157421194
0.691369893961
-0.058145998046
-0.972580310889
-0.168664159253
0.160124762915
0.319989992306
-0.303680028766
-0.897432361729
-0.846336499788
-0.329793810844
0.418270929717
0.476409339346
0.867213228717
0.144828715362
0.235675103031
-0.895029840991
0.378653969616
-0.671791055240
0.302635137923
-0.676098180935
-0.480064260773
0.074515135027
-0.874062811956
-0.544761600904
-0.745951673947
-0.383133002557
0.626174286939
0.571738580242
0.530113908462
-0.992964669131
-0.019597611390
-0.116777988151
0.723091950640
0.646600708365
0.242992907763
0.066612465307
-0.830640683882
-0.552809942514
-0.352995673195
-0.923585203476
0.149614256807
0.493653857149
-0.738328765146
0.459539445117
-0.833169849589
0.356088434346
0.423118218780
0.754871224985
-0.487250715494
0.439040057361
0.655037104152
0.023455740884
0.755232559517
0.412771471776
0.033081952482
-0.910233648494
-0.761153621599
0.467932184227
-0.449093123898
-0.787013402209
0.591695437208
-0.174660852179
0.695991819724
-0.711728409864
-0.095068691298
-0.464029544033
-0.876484962180
-0.128260253929
0.169929753989
0.254154610448
-0.952118328772
0.880007768981
0.037214539014
0.473499107175
-0.173955945298
0.333591462113
0.926529041491
-0.760266860016
-0.130302502774
0.636408326216
0.780295846052
-0.377734621987
-0.498452551663
-0.362768277526
-0.633736529388
0.683210938238
-0.282041852362
-0.751347756013
-0.596597805619
0.046614479274
0.073455683887
0.996208488010
-0.089082722552
-0.577255420387
0.811689870432
-0.351163306274
-0.341055191122
0.871989499778
0.663182183169
0.440971477889
-0.604759080335
-0.646552641876
-0.614281734452
0.452357856557
0.154426505789
0.818896942772
0.552775044926
0.438593968749
0.790809189901
0.426914692856
-0.542962390929
-0.548965990543
-0.635474769399
0.907929630019
0.418320779689
0.025913526304
0.065304372460
0.802278547548
-0.593367062509
-0.620392642915
-0.762093706056
0.185273178853
0.941412322223
-0.116009868681
-0.316677356139
-0.261149016209
0.846929578111
-0.463153840043
-0.059665040113
-0.274187739007
0.959823507816
0.695960289799
-0.684551157989
0.216861673631
0.168299282901
0.954753314145
0.245196777396
0.218194453977
-0.714699248783
0.664527022280
-0.564462553710
0.755205795169
-0.333235996775
-0.610958792269
0.494868573733
0.617927542888
0.639529258944
-0.663975762203
-0.387477111071
-0.316993019544
-0.464359018952
-0.826974078082
-0.100097351708
0.423265554011
-0.900459210388
0.016937620938
-0.371446909383
-0.928299687803
0.194628664292
0.978918654844
-0.061951181851
-0.338960304856
0.538417457603
0.771500195377
-0.779586851597
-0.508080978878
-0.366194016300
0.165273777209
-0.984990561381
0.049781232141
-0.612950382754
-0.406936194748
0.677270079032
0.180265543982
0.346290043555
0.920645174570
-0.719577983953
0.182025813498
0.670129932463
-0.427171969786
0.754725726321
0.497908811085
-0.362765422091
0.921614699997
-0.137940538116
0.866634511389
0.366497758776
0.338561686687
-0.213523667306
-0.910513442010
-0.354080377147
-0.037730016746
0.956279543228
-0.290010136552
0.136536697857
-0.948609554209
-0.285477920435
0.606214066967
-0.208283706568
-0.767543094233
-0.254922484979
-0.001416820101
0.966960453428
-0.847099758685
-0.502592220902
0.172693532892
-0.060472235084
-0.814729968086
0.576678581536
0.476329696365
0.865078063682
-0.157321209088
0.827560856007
0.477329319343
-0.295465310104
0.987522639334
-0.155840543099
-0.022644217126
0.648538550362
0.151072969660
-0.746039345860
-0.424272619188
0.880897684954
0.209790400229
0.246304453351
-0.600951015018
-0.760389368981
0.212792438455
-0.479468770325
0.851368941367
-0.175547718070
0.146524162963
-0.973505863920
0.732276768424
0.290266491473
0.616048778407
-0.503717834130
0.618000090122
-0.603609336540
0.493639541790
0.362641082145
0.790450153872
-0.125061845407
-0.989972609095
-0.065679278225
-0.730316644534
-0.677305591293
-0.088852304965
0.925160109997
-0.236301370896
0.297052909620
0.971699635498
0.172793581150
-0.161065811291
0.861132316291
0.201736264862
-0.466640774161
-0.152469491586
0.761002171785
0.630578105338
-0.205447621644
0.656640467234
-0.725682141259
0.602428598329
0.695869821124
-0.390953929164
-0.130700659007
0.990425301716
0.044441623613
0.422705520876
0.387837441638
-0.819086173549
0.755601269193
-0.242660331540
0.608426400460
-0.970658748411
0.193646385334
0.142557600513
-0.633850645274
0.773400969803
0.009181381203
0.233739932999
-0.175750482827
0.956283122301
-0.892947221175
0.149838408455
-0.424492297694
