0.0351588381489
-0.0687101859375
0.00908695619299
0.0409541321796
-0.0286523897727
-0.0651361867598
0.0349439316423
0.0604374608597
-0.0433891808472
-0.0573152514419
-0.0679502108144
-0.0145848170727
0.0717066711513
0.0995389520197
0.0920102038365
-0.0566313650025
-0.0686207833686
0.0679818424212
0.0461157439232
-0.0903233857295
0.00502986442811
0.141253841194
0.00892716543713
-0.116227058894
-0.00301985424618
0.114992606057
0.0498421360581
-0.0120496623777
-0.0915943188608
0.0613569116635
0.0977022268623
-0.0491012611764
-0.122418115401
-0.134750739559
0.000477987630617
0.109066212308
0.119059947297
0.0376924907129
-0.0689489337957
-0.185572322577
-0.153480330819
-0.0557043957051
0.121556531568
0.144304821769
0.139459062059
0.121604832155
0.142619386271
0.124996381923
0.0302765659927
-0.0956349528333
-0.172829962985
-0.152040644171
-0.0666417585773
0.0463557097538
0.154632265006
0.143183382099
0.0642953282539
-0.0829287087242
-0.166827436831
-0.172138727729
-0.197059463719
-0.118710830623
0.00650723185585
0.0311395877874
0.0746010870475
0.0695438251089
0.113333232598
0.130468507117
0.133110426991
0.121086537153
0.0989911211658
0.0331598327109
-0.0546154739602
-0.154303964586
-0.133468865669
-0.151334490926
-0.135099721795
-0.16397940777
-0.142886406322
-0.0946180831717
